CNN Classification Training Metrics
================================================================================
Train split: train_clean.txt
Val split: val_clean.txt
Train samples: 12113
Val samples: 3000
Image size: 32x32
Batch size: 32
Learning rate: 0.001
Epochs trained: 26
Train accuracy: 0.9842
Val accuracy: 0.9703
Device: cpu

Validation Classification Report
--------------------------------------------------------------------------------
              precision    recall  f1-score   support

           1     0.9874    0.9691    0.9782       162
           2     0.9955    1.0000    0.9978       222
           3     1.0000    0.9762    0.9880        42
           4     1.0000    0.9444    0.9714        72
           5     0.7103    0.9810    0.8240       105
           6     0.9808    1.0000    0.9903       102
           7     0.9615    1.0000    0.9804       300
           8     1.0000    0.8750    0.9333        32
           9     0.9907    0.9907    0.9907       108
          10     1.0000    0.9815    0.9907        54
          11     0.9718    1.0000    0.9857       138
          12     0.9882    1.0000    0.9941        84
          13     1.0000    1.0000    1.0000       240
          14     0.9928    0.9976    0.9952       414
          15     1.0000    1.0000    1.0000        60
          16     0.9467    0.9861    0.9660        72
          17     1.0000    1.0000    1.0000         8
          18     0.0000    0.0000    0.0000        40
          19     1.0000    1.0000    1.0000        16
          20     1.0000    0.9231    0.9600        26
          21     1.0000    0.5000    0.6667         4
          22     0.5000    1.0000    0.6667         4
          23     1.0000    1.0000    1.0000        20
          24     1.0000    0.7500    0.8571         8
          25     1.0000    1.0000    1.0000         6
          26     1.0000    1.0000    1.0000         1
          27     0.0000    0.0000    0.0000         1
          28     1.0000    0.5000    0.6667         2
          29     0.9756    0.9524    0.9639        42
          30     1.0000    0.9615    0.9804        52
          31     1.0000    0.5000    0.6667         2
          32     1.0000    0.5000    0.6667         2
          33     0.9801    0.9977    0.9888       444
          34     1.0000    0.5000    0.6667         2
          35     0.0000    0.0000    0.0000         2
          36     1.0000    1.0000    1.0000         3
          38     0.0000    0.0000    0.0000         2
          39     0.9688    0.9688    0.9688        64
          40     1.0000    1.0000    1.0000         1
          41     1.0000    1.0000    1.0000         4
          42     0.0000    0.0000    0.0000         4
          43     0.8571    1.0000    0.9231         6
          44     1.0000    1.0000    1.0000         6
          45     1.0000    1.0000    1.0000         6
          46     1.0000    1.0000    1.0000         6
          47     1.0000    0.5000    0.6667         6
          48     1.0000    1.0000    1.0000         3

    accuracy                         0.9703      3000
   macro avg     0.8682    0.8139    0.8275      3000
weighted avg     0.9589    0.9703    0.9630      3000


Saved model: models/cnn_classifier_original.joblib
