CNN Classification Training Metrics
================================================================================
Train split: train_augmented.txt
Val split: val_augmented.txt
Train samples: 3849
Val samples: 963
Image size: 64x64
Batch size: 32
Learning rate: 0.001
Epochs trained: 27
Train accuracy: 1.0000
Val accuracy: 0.9948
Device: cpu

Validation Classification Report
--------------------------------------------------------------------------------
              precision    recall  f1-score   support

           1     1.0000    1.0000    1.0000        14
           2     1.0000    1.0000    1.0000        19
           3     1.0000    1.0000    1.0000        16
           4     1.0000    1.0000    1.0000        23
           5     1.0000    1.0000    1.0000        22
           6     0.9615    1.0000    0.9804        25
           7     1.0000    0.9231    0.9600        13
           8     1.0000    0.9048    0.9500        21
           9     1.0000    1.0000    1.0000        19
          10     1.0000    1.0000    1.0000        22
          11     1.0000    1.0000    1.0000        19
          12     1.0000    1.0000    1.0000        17
          13     1.0000    1.0000    1.0000        15
          14     1.0000    1.0000    1.0000        19
          15     1.0000    1.0000    1.0000        20
          16     1.0000    1.0000    1.0000        18
          17     1.0000    1.0000    1.0000        21
          18     1.0000    0.9444    0.9714        18
          19     1.0000    1.0000    1.0000        18
          20     1.0000    1.0000    1.0000        19
          21     1.0000    1.0000    1.0000        20
          22     1.0000    1.0000    1.0000        13
          23     1.0000    1.0000    1.0000        18
          24     1.0000    1.0000    1.0000        28
          25     1.0000    1.0000    1.0000        14
          26     1.0000    1.0000    1.0000        27
          27     1.0000    1.0000    1.0000        24
          28     1.0000    1.0000    1.0000        24
          29     1.0000    0.9583    0.9787        24
          30     0.9500    1.0000    0.9744        19
          31     0.9091    1.0000    0.9524        20
          32     1.0000    1.0000    1.0000        17
          33     1.0000    1.0000    1.0000        18
          34     1.0000    1.0000    1.0000        29
          35     1.0000    1.0000    1.0000        24
          36     1.0000    1.0000    1.0000        26
          37     1.0000    1.0000    1.0000        23
          38     0.9545    1.0000    0.9767        21
          39     1.0000    1.0000    1.0000        22
          40     1.0000    1.0000    1.0000        22
          41     1.0000    1.0000    1.0000        19
          42     1.0000    1.0000    1.0000        15
          43     1.0000    1.0000    1.0000        21
          44     1.0000    1.0000    1.0000        16
          45     1.0000    1.0000    1.0000        19
          46     1.0000    1.0000    1.0000        16
          47     1.0000    1.0000    1.0000        29
          48     1.0000    1.0000    1.0000        17

    accuracy                         0.9948       963
   macro avg     0.9953    0.9944    0.9947       963
weighted avg     0.9951    0.9948    0.9948       963


Saved model: models/cnn_classifier.h5
