SGD Classification Training Metrics
================================================================================
Train samples: 3849
Val samples: 963
Image size: 32x32
Train accuracy: 0.8465
Val accuracy: 0.7404
Labels metadata path: C:\Users\Nelissa Tuden\Desktop\traffic-sign-ml\server\app\ml\dataset\labels.json

Validation Classification Report
--------------------------------------------------------------------------------
              precision    recall  f1-score   support

           1     0.5714    0.5714    0.5714        14
           2     0.8000    0.6316    0.7059        19
           3     0.7778    0.8750    0.8235        16
           4     0.9412    0.6957    0.8000        23
           5     0.6667    0.3636    0.4706        22
           6     0.5417    0.5200    0.5306        25
           7     0.3636    0.3077    0.3333        13
           8     1.0000    0.8095    0.8947        21
           9     0.5294    0.4737    0.5000        19
          10     0.5714    0.3636    0.4444        22
          11     0.9375    0.7895    0.8571        19
          12     0.9412    0.9412    0.9412        17
          13     0.7333    0.7333    0.7333        15
          14     0.6842    0.6842    0.6842        19
          15     0.9474    0.9000    0.9231        20
          16     0.6667    0.3333    0.4444        18
          17     0.8500    0.8095    0.8293        21
          18     0.5000    0.6111    0.5500        18
          19     0.7083    0.9444    0.8095        18
          20     1.0000    0.7895    0.8824        19
          21     0.9091    1.0000    0.9524        20
          22     0.5714    0.6154    0.5926        13
          23     1.0000    0.9444    0.9714        18
          24     0.9600    0.8571    0.9057        28
          25     1.0000    1.0000    1.0000        14
          26     0.6765    0.8519    0.7541        27
          27     0.9583    0.9583    0.9583        24
          28     0.7308    0.7917    0.7600        24
          29     0.6667    0.3333    0.4444        24
          30     0.5294    0.4737    0.5000        19
          31     0.8333    1.0000    0.9091        20
          32     0.5000    0.7647    0.6047        17
          33     0.8333    0.2778    0.4167        18
          34     0.7742    0.8276    0.8000        29
          35     0.5357    0.6250    0.5769        24
          36     0.7333    0.8462    0.7857        26
          37     1.0000    0.9565    0.9778        23
          38     0.6538    0.8095    0.7234        21
          39     0.7826    0.8182    0.8000        22
          40     0.8095    0.7727    0.7907        22
          41     0.7647    0.6842    0.7222        19
          42     0.5500    0.7333    0.6286        15
          43     0.7778    0.6667    0.7179        21
          44     0.6000    0.9375    0.7317        16
          45     0.6071    0.8947    0.7234        19
          46     0.9412    1.0000    0.9697        16
          47     0.7500    0.8276    0.7869        29
          48     0.5862    1.0000    0.7391        17

    accuracy                         0.7404       963
   macro avg     0.7451    0.7378    0.7286       963
weighted avg     0.7517    0.7404    0.7336       963


Saved model: models/sgd_classifier.joblib
