Simple Classification Training Metrics
================================================================================
Train samples: 12113
Val samples: 3000
Image size: 32x32
Train accuracy: 0.8380
Val accuracy: 0.8130
Labels metadata path: C:\Users\Nelissa Tuden\OneDrive\Desktop\Component\traffic-sign-ml\server\app\ml\dataset\labels.json

Validation Classification Report
--------------------------------------------------------------------------------
              precision    recall  f1-score   support

           1     0.9660    0.8765    0.9191       162
           2     0.9676    0.9414    0.9543       222
           3     0.7000    0.5000    0.5833        42
           4     0.6667    0.6389    0.6525        72
           5     0.7941    0.5143    0.6243       105
           6     0.7766    0.7157    0.7449       102
           7     0.8946    0.8767    0.8855       300
           8     0.8148    0.6875    0.7458        32
           9     0.9222    0.7685    0.8384       108
          10     0.7500    0.6111    0.6735        54
          11     0.9065    0.9130    0.9097       138
          12     1.0000    0.8571    0.9231        84
          13     0.9701    0.9458    0.9578       240
          14     0.9041    0.9565    0.9296       414
          15     0.9811    0.8667    0.9204        60
          16     0.8113    0.5972    0.6880        72
          17     0.0000    0.0000    0.0000         8
          18     0.2000    0.1000    0.1333        40
          19     0.5000    0.5000    0.5000        16
          20     1.0000    0.4615    0.6316        26
          21     0.3333    0.5000    0.4000         4
          22     0.4000    1.0000    0.5714         4
          23     0.8889    0.4000    0.5517        20
          24     1.0000    0.2500    0.4000         8
          25     0.3333    0.3333    0.3333         6
          26     0.0000    0.0000    0.0000         1
          27     0.0000    0.0000    0.0000         1
          28     0.0000    0.0000    0.0000         2
          29     0.8421    0.3810    0.5246        42
          30     0.7500    0.5769    0.6522        52
          31     0.0000    0.0000    0.0000         2
          32     0.0000    0.0000    0.0000         2
          33     0.6400    0.9730    0.7721       444
          34     0.0000    0.0000    0.0000         2
          35     0.0000    0.0000    0.0000         2
          36     0.0000    0.0000    0.0000         3
          38     0.0000    0.0000    0.0000         2
          39     0.7200    0.5625    0.6316        64
          40     0.0000    0.0000    0.0000         1
          41     0.6000    0.7500    0.6667         4
          42     0.0000    0.0000    0.0000         4
          43     0.3333    1.0000    0.5000         6
          44     0.6000    0.5000    0.5455         6
          45     0.2000    0.5000    0.2857         6
          46     0.4286    1.0000    0.6000         6
          47     0.0000    0.0000    0.0000         6
          48     0.0000    0.0000    0.0000         3

    accuracy                         0.8130      3000
   macro avg     0.5020    0.4693    0.4606      3000
weighted avg     0.8228    0.8130    0.8054      3000


Saved model: models/simple_classifier.joblib
